rs214115	0.016	1	0.76	0.07	0.102	0.76	0.04	0.023	0.063	0.018	0.533	0.021	0.037	0.101	0.0	0.027	0.003	0.0	0.001	0.002	0.005	0.019	0.008	0.025	0.009	0.007	0.006	0.028	0.007	0.0	0.0	0.0	0.0	0.011	0.011	0.0	0.002	0.018	0.0	0.007	0.002	0.053	0.02	0.053	0.044	0.048	0.004	0.031	0.002	0.001	0.03	0.004	0.009	0.025	0.0	0.003	0.024	0.002	0.005	0.031	0.001	0.0	0.031	0.004	0.012	0.031	0.005	0.001	0.03	0.002	0.0	0.005	0.002	0.056	0.0	0.005	0.056	0.01	0.004	0.011	0.011	0.005	0.009	0.009	0.006	0.016	0.02	0.001	0.008	0.008	0.007	0.001	0.005	0.005	0.015	0.047	0.045	0.047	0.03	0.001	0.051	0.0	0.001	0.058	0.0	0.042	0.055	0.044	0.0	0.055	0.0	0.044	0.001	0.0	0.001	0.003	0.001	0.0	0.018	0.001	0.0	0.001	0.002	0.001	0.003	
rs300193	0.014	0.76	1	0.084	0.082	1.0	0.034	0.07	0.076	0.021	0.638	0.035	0.033	0.085	0.009	0.023	0.021	0.006	0.0	0.002	0.026	0.016	0.003	0.021	0.002	0.004	0.003	0.018	0.004	0.014	0.007	0.005	0.001	0.0	0.002	0.001	0.0	0.0	0.0	0.001	0.002	0.045	0.004	0.045	0.016	0.002	0.001	0.003	0.0	0.0	0.005	0.0	0.006	0.006	0.002	0.001	0.003	0.001	0.001	0.026	0.019	0.001	0.026	0.0	0.015	0.026	0.001	0.0	0.002	0.003	0.0	0.003	0.0	0.037	0.0	0.006	0.037	0.005	0.002	0.008	0.015	0.001	0.002	0.002	0.007	0.02	0.014	0.0	0.007	0.007	0.003	0.007	0.001	0.001	0.012	0.035	0.031	0.035	0.024	0.01	0.018	0.004	0.01	0.046	0.003	0.036	0.018	0.033	0.003	0.017	0.002	0.033	0.0	0.003	0.003	0.011	0.005	0.004	0.015	0.002	0.0	0.0	0.0	0.003	0.0	
rs1862166	0.164	0.07	0.084	1	0.661	0.084	0.293	0.018	0.666	0.095	0.042	0.311	0.265	0.57	0.011	0.099	0.006	0.005	0.077	0.1	0.01	0.0	0.007	0.0	0.06	0.116	0.025	0.064	0.053	0.001	0.081	0.09	0.004	0.086	0.042	0.004	0.035	0.081	0.002	0.048	0.003	0.082	0.035	0.082	0.065	0.061	0.003	0.04	0.016	0.011	0.019	0.003	0.045	0.036	0.011	0.013	0.017	0.013	0.001	0.021	0.0	0.014	0.021	0.0	0.001	0.021	0.019	0.018	0.01	0.006	0.009	0.0	0.012	0.029	0.009	0.001	0.029	0.017	0.003	0.003	0.006	0.0	0.031	0.031	0.021	0.001	0.0	0.004	0.003	0.003	0.003	0.0	0.002	0.002	0.0	0.003	0.002	0.003	0.002	0.003	0.012	0.002	0.003	0.002	0.02	0.0	0.006	0.002	0.02	0.003	0.026	0.006	0.019	0.0	0.006	0.002	0.023	0.051	0.003	0.045	0.017	0.0	0.024	0.057	0.014	
rs2560370	0.108	0.102	0.082	0.661	1	0.083	0.436	0.001	0.412	0.046	0.051	0.414	0.398	0.308	0.014	0.046	0.019	0.012	0.105	0.102	0.027	0.013	0.003	0.017	0.053	0.103	0.053	0.031	0.058	0.019	0.107	0.114	0.002	0.094	0.037	0.002	0.046	0.082	0.001	0.044	0.0	0.082	0.035	0.082	0.078	0.077	0.005	0.035	0.035	0.012	0.01	0.002	0.038	0.03	0.008	0.02	0.008	0.011	0.002	0.006	0.01	0.022	0.006	0.0	0.008	0.006	0.02	0.026	0.006	0.013	0.012	0.001	0.012	0.008	0.012	0.004	0.008	0.007	0.001	0.0	0.0	0.0	0.023	0.023	0.005	0.001	0.004	0.004	0.0	0.0	0.002	0.002	0.002	0.002	0.019	0.002	0.003	0.002	0.009	0.01	0.0	0.005	0.01	0.005	0.025	0.032	0.002	0.026	0.025	0.004	0.024	0.036	0.014	0.0	0.001	0.0	0.009	0.034	0.016	0.035	0.024	0.0	0.024	0.039	0.015	
rs2544955	0.014	0.76	1.0	0.084	0.083	1	0.034	0.069	0.077	0.021	0.638	0.035	0.033	0.086	0.009	0.023	0.021	0.006	0.0	0.002	0.026	0.016	0.003	0.021	0.002	0.004	0.003	0.019	0.005	0.015	0.007	0.005	0.001	0.0	0.002	0.001	0.0	0.0	0.001	0.001	0.002	0.046	0.004	0.046	0.018	0.002	0.001	0.003	0.001	0.0	0.006	0.0	0.008	0.007	0.002	0.001	0.004	0.002	0.001	0.025	0.02	0.001	0.025	0.0	0.014	0.025	0.001	0.0	0.002	0.002	0.0	0.002	0.0	0.037	0.0	0.005	0.037	0.006	0.002	0.007	0.016	0.001	0.003	0.003	0.007	0.019	0.013	0.0	0.006	0.006	0.003	0.006	0.001	0.001	0.012	0.035	0.031	0.035	0.024	0.011	0.018	0.005	0.011	0.047	0.003	0.036	0.017	0.033	0.003	0.017	0.002	0.033	0.0	0.003	0.004	0.009	0.004	0.003	0.015	0.002	0.0	0.0	0.0	0.003	0.0	
rs1154758	0.092	0.04	0.034	0.293	0.436	0.034	1	0.058	0.388	0.032	0.07	0.613	0.833	0.302	0.034	0.016	0.022	0.011	0.035	0.077	0.031	0.003	0.017	0.0	0.046	0.057	0.012	0.065	0.116	0.006	0.113	0.118	0.026	0.103	0.04	0.026	0.055	0.089	0.021	0.034	0.012	0.099	0.047	0.099	0.102	0.102	0.004	0.04	0.019	0.04	0.014	0.001	0.06	0.041	0.013	0.028	0.006	0.023	0.01	0.004	0.0	0.017	0.004	0.01	0.01	0.004	0.026	0.021	0.008	0.053	0.021	0.024	0.07	0.007	0.021	0.029	0.007	0.033	0.005	0.015	0.007	0.034	0.082	0.082	0.001	0.018	0.044	0.009	0.033	0.033	0.012	0.006	0.011	0.011	0.007	0.0	0.0	0.0	0.0	0.015	0.004	0.01	0.015	0.001	0.017	0.005	0.003	0.003	0.017	0.001	0.007	0.003	0.008	0.0	0.0	0.001	0.004	0.009	0.009	0.003	0.01	0.001	0.002	0.005	0.012	
rs13159031	0.006	0.023	0.07	0.018	0.001	0.069	0.058	1	0.046	0.012	0.002	0.081	0.048	0.051	0.0	0.014	0.012	0.001	0.0	0.019	0.009	0.035	0.036	0.016	0.011	0.011	0.003	0.05	0.089	0.016	0.091	0.086	0.021	0.103	0.01	0.021	0.023	0.091	0.022	0.023	0.006	0.076	0.085	0.076	0.096	0.096	0.001	0.039	0.013	0.009	0.007	0.009	0.013	0.007	0.0	0.012	0.001	0.029	0.019	0.006	0.003	0.029	0.006	0.018	0.006	0.006	0.033	0.025	0.001	0.028	0.014	0.008	0.044	0.003	0.014	0.019	0.003	0.01	0.001	0.011	0.001	0.027	0.009	0.009	0.004	0.001	0.015	0.026	0.006	0.006	0.005	0.084	0.008	0.008	0.006	0.0	0.0	0.0	0.001	0.006	0.002	0.001	0.006	0.006	0.014	0.013	0.0	0.002	0.014	0.0	0.0	0.0	0.002	0.007	0.02	0.006	0.016	0.03	0.009	0.02	0.007	0.009	0.002	0.02	0.008	
rs2964380	0.18	0.063	0.076	0.666	0.412	0.077	0.388	0.046	1	0.206	0.055	0.496	0.427	0.823	0.027	0.204	0.003	0.0	0.103	0.11	0.001	0.006	0.003	0.007	0.045	0.125	0.039	0.074	0.058	0.002	0.051	0.056	0.001	0.053	0.041	0.001	0.042	0.036	0.0	0.024	0.007	0.068	0.013	0.068	0.053	0.04	0.003	0.025	0.021	0.002	0.015	0.0	0.025	0.026	0.006	0.01	0.014	0.009	0.0	0.006	0.0	0.003	0.006	0.0	0.0	0.006	0.005	0.004	0.009	0.019	0.005	0.007	0.023	0.027	0.007	0.008	0.027	0.029	0.0	0.0	0.014	0.005	0.056	0.056	0.035	0.0	0.0	0.002	0.0	0.0	0.005	0.007	0.008	0.008	0.002	0.0	0.0	0.0	0.007	0.001	0.02	0.011	0.001	0.001	0.001	0.01	0.013	0.0	0.001	0.008	0.0	0.0	0.014	0.01	0.013	0.006	0.028	0.046	0.0	0.035	0.024	0.001	0.01	0.038	0.021	
rs2913578	0.662	0.018	0.021	0.095	0.046	0.021	0.032	0.012	0.206	1	0.015	0.152	0.116	0.243	0.007	0.654	0.01	0.015	0.055	0.065	0.006	0.023	0.002	0.01	0.017	0.055	0.01	0.016	0.003	0.004	0.03	0.027	0.008	0.039	0.029	0.008	0.054	0.03	0.018	0.006	0.0	0.012	0.013	0.012	0.026	0.023	0.008	0.007	0.001	0.001	0.026	0.002	0.002	0.002	0.027	0.026	0.012	0.002	0.001	0.021	0.011	0.001	0.021	0.001	0.005	0.021	0.001	0.002	0.026	0.0	0.031	0.022	0.004	0.001	0.015	0.004	0.001	0.003	0.015	0.013	0.019	0.001	0.015	0.015	0.045	0.001	0.009	0.011	0.04	0.04	0.038	0.008	0.04	0.04	0.003	0.001	0.001	0.001	0.004	0.006	0.008	0.002	0.006	0.011	0.032	0.055	0.003	0.048	0.032	0.007	0.034	0.048	0.017	0.001	0.001	0.015	0.047	0.021	0.009	0.001	0.0	0.022	0.019	0.0	0.04	
rs300206	0.01	0.533	0.638	0.042	0.051	0.638	0.07	0.002	0.055	0.015	1	0.077	0.059	0.062	0.003	0.017	0.045	0.021	0.001	0.001	0.052	0.011	0.0	0.015	0.0	0.001	0.0	0.007	0.0	0.003	0.006	0.005	0.0	0.0	0.001	0.0	0.0	0.001	0.0	0.001	0.0	0.001	0.001	0.001	0.0	0.0	0.0	0.019	0.004	0.0	0.018	0.003	0.005	0.028	0.0	0.0	0.015	0.001	0.002	0.029	0.004	0.003	0.029	0.001	0.006	0.029	0.002	0.004	0.007	0.002	0.0	0.006	0.005	0.007	0.0	0.009	0.007	0.0	0.005	0.011	0.006	0.001	0.002	0.002	0.005	0.051	0.063	0.001	0.049	0.049	0.042	0.001	0.034	0.034	0.007	0.052	0.053	0.052	0.037	0.004	0.031	0.0	0.004	0.061	0.0	0.026	0.033	0.022	0.0	0.033	0.0	0.022	0.0	0.002	0.0	0.014	0.0	0.001	0.011	0.0	0.004	0.001	0.002	0.001	0.003	
rs182462	0.101	0.021	0.035	0.311	0.414	0.035	0.613	0.081	0.496	0.152	0.077	1	0.761	0.594	0.037	0.139	0.02	0.009	0.067	0.081	0.031	0.0	0.005	0.002	0.055	0.097	0.03	0.033	0.037	0.008	0.088	0.095	0.003	0.074	0.047	0.003	0.062	0.06	0.006	0.043	0.0	0.046	0.018	0.046	0.041	0.03	0.006	0.012	0.007	0.012	0.003	0.001	0.01	0.014	0.007	0.015	0.0	0.006	0.004	0.006	0.002	0.002	0.006	0.005	0.011	0.006	0.005	0.004	0.005	0.008	0.01	0.001	0.009	0.001	0.01	0.003	0.001	0.003	0.0	0.0	0.0	0.025	0.054	0.054	0.01	0.002	0.007	0.012	0.012	0.012	0.011	0.0	0.008	0.008	0.004	0.002	0.005	0.002	0.003	0.004	0.001	0.006	0.004	0.001	0.0	0.0	0.0	0.001	0.0	0.001	0.0	0.002	0.001	0.001	0.001	0.008	0.03	0.036	0.002	0.011	0.012	0.011	0.001	0.017	0.038	
rs300209	0.077	0.037	0.033	0.265	0.398	0.033	0.833	0.048	0.427	0.116	0.059	0.761	1	0.446	0.028	0.099	0.015	0.005	0.075	0.116	0.023	0.004	0.012	0.0	0.028	0.099	0.043	0.039	0.073	0.001	0.091	0.095	0.002	0.082	0.055	0.002	0.082	0.068	0.001	0.05	0.003	0.084	0.033	0.084	0.091	0.094	0.002	0.025	0.031	0.028	0.007	0.01	0.038	0.018	0.005	0.023	0.003	0.025	0.017	0.0	0.002	0.01	0.0	0.017	0.012	0.0	0.018	0.013	0.005	0.025	0.012	0.013	0.034	0.008	0.012	0.01	0.008	0.01	0.001	0.007	0.005	0.035	0.049	0.049	0.003	0.007	0.022	0.012	0.022	0.022	0.01	0.003	0.008	0.008	0.014	0.002	0.004	0.002	0.002	0.016	0.001	0.015	0.016	0.006	0.005	0.003	0.0	0.003	0.005	0.0	0.001	0.003	0.004	0.001	0.0	0.008	0.011	0.015	0.005	0.002	0.005	0.011	0.0	0.006	0.018	
rs300218	0.161	0.101	0.085	0.57	0.308	0.086	0.302	0.051	0.823	0.243	0.062	0.594	0.446	1	0.03	0.27	0.004	0.002	0.101	0.146	0.006	0.005	0.01	0.004	0.079	0.172	0.032	0.098	0.05	0.005	0.091	0.097	0.001	0.099	0.06	0.001	0.067	0.07	0.003	0.052	0.0	0.064	0.038	0.064	0.051	0.037	0.0	0.045	0.0	0.0	0.021	0.0	0.012	0.027	0.002	0.013	0.015	0.006	0.0	0.006	0.0	0.004	0.006	0.0	0.0	0.006	0.007	0.004	0.021	0.006	0.012	0.0	0.012	0.03	0.015	0.001	0.03	0.008	0.005	0.003	0.006	0.009	0.05	0.05	0.028	0.002	0.0	0.011	0.001	0.001	0.002	0.002	0.002	0.002	0.0	0.001	0.0	0.001	0.003	0.0	0.016	0.001	0.0	0.005	0.001	0.015	0.015	0.008	0.001	0.009	0.006	0.005	0.0	0.003	0.004	0.027	0.037	0.047	0.002	0.018	0.008	0.022	0.003	0.03	0.027	
rs10515854	0.005	0.0	0.009	0.011	0.014	0.009	0.034	0.0	0.027	0.007	0.003	0.037	0.028	0.03	1	0.008	0.033	0.016	0.017	0.016	0.038	0.005	0.0	0.007	0.0	0.012	0.012	0.004	0.001	0.0	0.003	0.0	0.005	0.002	0.005	0.005	0.007	0.003	0.005	0.014	0.014	0.0	0.0	0.0	0.001	0.001	0.006	0.0	0.007	0.022	0.0	0.001	0.002	0.005	0.005	0.004	0.0	0.054	0.059	0.058	0.002	0.001	0.058	0.057	0.033	0.058	0.001	0.003	0.0	0.011	0.0	0.001	0.003	0.026	0.004	0.0	0.026	0.004	0.001	0.016	0.004	0.016	0.007	0.007	0.002	0.005	0.003	0.0	0.005	0.005	0.013	0.0	0.019	0.019	0.002	0.0	0.0	0.0	0.002	0.002	0.001	0.0	0.002	0.0	0.005	0.006	0.001	0.002	0.005	0.001	0.009	0.002	0.0	0.007	0.001	0.0	0.0	0.0	0.0	0.0	0.001	0.0	0.003	0.001	0.003	
rs982228	0.361	0.027	0.023	0.099	0.046	0.023	0.016	0.014	0.204	0.654	0.017	0.139	0.099	0.27	0.008	1	0.014	0.019	0.062	0.049	0.013	0.001	0.004	0.0	0.012	0.042	0.022	0.006	0.0	0.023	0.02	0.017	0.018	0.027	0.022	0.018	0.029	0.02	0.026	0.009	0.0	0.012	0.016	0.012	0.017	0.023	0.022	0.013	0.001	0.002	0.012	0.001	0.0	0.0	0.01	0.024	0.028	0.002	0.004	0.006	0.007	0.002	0.006	0.005	0.0	0.006	0.001	0.003	0.058	0.0	0.008	0.007	0.005	0.005	0.001	0.0	0.005	0.001	0.005	0.006	0.013	0.005	0.013	0.013	0.037	0.005	0.018	0.012	0.037	0.037	0.037	0.017	0.038	0.038	0.006	0.0	0.0	0.0	0.006	0.01	0.012	0.0	0.01	0.008	0.033	0.06	0.007	0.025	0.033	0.005	0.033	0.025	0.005	0.014	0.0	0.007	0.052	0.01	0.033	0.0	0.001	0.023	0.023	0.001	0.044	
rs12186371	0.0	0.003	0.021	0.006	0.019	0.021	0.022	0.012	0.003	0.01	0.045	0.02	0.015	0.004	0.033	0.014	1	0.527	0.03	0.044	0.929	0.009	0.219	0.012	0.334	0.051	0.003	0.157	0.126	0.009	0.285	0.335	0.0	0.195	0.027	0.0	0.035	0.18	0.0	0.024	0.002	0.033	0.128	0.033	0.028	0.03	0.0	0.067	0.009	0.001	0.067	0.016	0.002	0.003	0.029	0.028	0.006	0.034	0.012	0.001	0.006	0.029	0.001	0.011	0.019	0.001	0.033	0.05	0.001	0.002	0.014	0.001	0.0	0.0	0.004	0.0	0.0	0.0	0.003	0.001	0.013	0.014	0.006	0.006	0.004	0.0	0.001	0.004	0.0	0.0	0.012	0.027	0.017	0.017	0.007	0.008	0.007	0.008	0.009	0.006	0.004	0.009	0.006	0.001	0.014	0.027	0.0	0.001	0.014	0.0	0.002	0.001	0.008	0.065	0.005	0.02	0.002	0.006	0.009	0.003	0.007	0.009	0.0	0.003	0.001	
rs300237	0.0	0.0	0.006	0.005	0.012	0.006	0.011	0.001	0.0	0.015	0.021	0.009	0.005	0.002	0.016	0.019	0.527	1	0.041	0.096	0.574	0.013	0.369	0.021	0.548	0.109	0.021	0.274	0.23	0.012	0.127	0.158	0.005	0.074	0.067	0.005	0.016	0.068	0.001	0.042	0.006	0.036	0.039	0.036	0.002	0.001	0.009	0.086	0.012	0.004	0.008	0.022	0.013	0.001	0.004	0.013	0.0	0.012	0.008	0.008	0.01	0.049	0.008	0.007	0.019	0.008	0.057	0.073	0.001	0.0	0.036	0.004	0.0	0.003	0.019	0.0	0.003	0.0	0.006	0.006	0.014	0.015	0.002	0.002	0.0	0.0	0.0	0.003	0.004	0.004	0.015	0.019	0.022	0.022	0.004	0.002	0.002	0.002	0.003	0.008	0.0	0.002	0.008	0.001	0.019	0.009	0.0	0.0	0.019	0.001	0.016	0.001	0.0	0.03	0.057	0.023	0.027	0.018	0.009	0.024	0.04	0.003	0.0	0.022	0.023	
rs17061510	0.05	0.001	0.0	0.077	0.105	0.0	0.035	0.0	0.103	0.055	0.001	0.067	0.075	0.101	0.017	0.062	0.03	0.041	1	0.41	0.028	0.055	0.111	0.072	0.024	0.403	0.706	0.002	0.006	0.014	0.083	0.072	0.215	0.086	0.243	0.215	0.259	0.068	0.208	0.189	0.131	0.03	0.034	0.03	0.036	0.041	0.064	0.023	0.007	0.071	0.019	0.017	0.0	0.003	0.025	0.01	0.045	0.017	0.0	0.0	0.008	0.004	0.0	0.0	0.006	0.0	0.003	0.005	0.027	0.001	0.006	0.016	0.005	0.017	0.004	0.001	0.017	0.003	0.013	0.013	0.013	0.004	0.0	0.0	0.017	0.003	0.0	0.0	0.0	0.0	0.0	0.017	0.003	0.003	0.016	0.005	0.004	0.005	0.034	0.006	0.031	0.005	0.006	0.009	0.0	0.013	0.03	0.002	0.0	0.033	0.0	0.005	0.007	0.03	0.025	0.0	0.037	0.003	0.043	0.003	0.001	0.0	0.012	0.005	0.021	
rs300211	0.058	0.002	0.002	0.1	0.102	0.002	0.077	0.019	0.11	0.065	0.001	0.081	0.116	0.146	0.016	0.049	0.044	0.096	0.41	1	0.065	0.129	0.261	0.17	0.176	0.882	0.29	0.319	0.294	0.05	0.139	0.144	0.103	0.127	0.549	0.103	0.468	0.139	0.132	0.411	0.123	0.215	0.073	0.215	0.169	0.147	0.079	0.091	0.061	0.103	0.023	0.034	0.0	0.02	0.055	0.006	0.033	0.023	0.002	0.003	0.027	0.001	0.003	0.002	0.004	0.003	0.0	0.001	0.012	0.001	0.006	0.022	0.013	0.016	0.006	0.003	0.016	0.016	0.014	0.012	0.03	0.001	0.002	0.002	0.003	0.005	0.0	0.01	0.0	0.0	0.003	0.043	0.006	0.006	0.003	0.001	0.0	0.001	0.016	0.005	0.025	0.031	0.005	0.0	0.0	0.01	0.024	0.001	0.0	0.023	0.001	0.001	0.008	0.041	0.058	0.001	0.092	0.021	0.025	0.018	0.042	0.0	0.011	0.023	0.073	
rs2901732	0.0	0.005	0.026	0.01	0.027	0.026	0.031	0.009	0.001	0.006	0.052	0.031	0.023	0.006	0.038	0.013	0.929	0.574	0.028	0.065	1	0.009	0.251	0.012	0.373	0.074	0.001	0.186	0.156	0.008	0.318	0.373	0.002	0.218	0.039	0.002	0.049	0.201	0.001	0.032	0.005	0.04	0.142	0.04	0.032	0.035	0.0	0.076	0.007	0.003	0.076	0.015	0.003	0.005	0.027	0.034	0.009	0.05	0.014	0.0	0.004	0.028	0.0	0.013	0.02	0.0	0.033	0.052	0.003	0.004	0.014	0.0	0.0	0.0	0.003	0.0	0.0	0.0	0.002	0.0	0.01	0.021	0.011	0.011	0.004	0.0	0.003	0.003	0.0	0.0	0.007	0.028	0.011	0.011	0.005	0.011	0.01	0.011	0.007	0.006	0.003	0.008	0.006	0.001	0.013	0.022	0.001	0.0	0.013	0.001	0.014	0.0	0.002	0.069	0.007	0.028	0.018	0.012	0.008	0.006	0.015	0.014	0.001	0.005	0.008	
rs11742012	0.026	0.019	0.016	0.0	0.013	0.016	0.003	0.035	0.006	0.023	0.011	0.0	0.004	0.005	0.005	0.001	0.009	0.013	0.055	0.129	0.009	1	0.495	0.76	0.023	0.046	0.039	0.204	0.103	0.455	0.023	0.023	0.039	0.018	0.03	0.039	0.047	0.01	0.04	0.003	0.032	0.041	0.019	0.041	0.056	0.031	0.001	0.02	0.097	0.001	0.004	0.04	0.004	0.023	0.004	0.013	0.022	0.001	0.003	0.0	0.02	0.011	0.0	0.002	0.005	0.0	0.01	0.011	0.004	0.001	0.023	0.013	0.004	0.005	0.023	0.002	0.005	0.012	0.015	0.007	0.063	0.049	0.062	0.062	0.004	0.001	0.001	0.023	0.006	0.006	0.022	0.014	0.026	0.026	0.0	0.01	0.011	0.01	0.0	0.011	0.0	0.023	0.011	0.02	0.009	0.005	0.0	0.0	0.009	0.0	0.011	0.0	0.0	0.009	0.003	0.0	0.003	0.0	0.002	0.0	0.011	0.001	0.0	0.0	0.007	
rs300213	0.011	0.008	0.003	0.007	0.003	0.003	0.017	0.036	0.003	0.002	0.0	0.005	0.012	0.01	0.0	0.004	0.219	0.369	0.111	0.261	0.251	0.495	1	0.651	0.184	0.169	0.078	0.527	0.351	0.179	0.041	0.051	0.078	0.023	0.115	0.078	0.063	0.031	0.032	0.067	0.006	0.115	0.01	0.115	0.056	0.033	0.002	0.033	0.031	0.003	0.001	0.006	0.0	0.013	0.009	0.0	0.003	0.003	0.009	0.003	0.005	0.004	0.003	0.007	0.0	0.003	0.007	0.008	0.005	0.0	0.001	0.001	0.004	0.011	0.0	0.001	0.011	0.012	0.0	0.0	0.01	0.001	0.016	0.016	0.006	0.001	0.0	0.048	0.0	0.0	0.003	0.006	0.001	0.001	0.004	0.006	0.009	0.006	0.003	0.023	0.0	0.019	0.023	0.018	0.0	0.0	0.0	0.0	0.0	0.0	0.0	0.001	0.0	0.0	0.016	0.005	0.023	0.011	0.027	0.016	0.057	0.0	0.0	0.019	0.028	
rs300214	0.017	0.025	0.021	0.0	0.017	0.021	0.0	0.016	0.007	0.01	0.015	0.002	0.0	0.004	0.007	0.0	0.012	0.021	0.072	0.17	0.012	0.76	0.651	1	0.002	0.091	0.051	0.314	0.185	0.326	0.03	0.031	0.051	0.028	0.069	0.051	0.012	0.03	0.023	0.017	0.014	0.05	0.025	0.05	0.016	0.002	0.002	0.001	0.051	0.0	0.015	0.023	0.0	0.019	0.0	0.015	0.029	0.006	0.0	0.002	0.01	0.001	0.002	0.0	0.004	0.002	0.001	0.002	0.011	0.001	0.001	0.002	0.004	0.007	0.001	0.001	0.007	0.011	0.003	0.0	0.033	0.003	0.027	0.027	0.001	0.001	0.0	0.031	0.0	0.0	0.012	0.019	0.012	0.012	0.0	0.01	0.012	0.01	0.0	0.015	0.002	0.03	0.015	0.019	0.007	0.009	0.0	0.0	0.007	0.0	0.008	0.001	0.003	0.012	0.015	0.0	0.01	0.0	0.0	0.004	0.028	0.005	0.0	0.008	0.015	
rs2161132	0.083	0.009	0.002	0.06	0.053	0.002	0.046	0.011	0.045	0.017	0.0	0.055	0.028	0.079	0.0	0.012	0.334	0.548	0.024	0.176	0.373	0.023	0.184	0.002	1	0.199	0.053	0.5	0.419	0.021	0.473	0.505	0.053	0.412	0.146	0.053	0.09	0.373	0.011	0.124	0.0	0.204	0.277	0.204	0.1	0.072	0.002	0.305	0.022	0.019	0.113	0.021	0.021	0.047	0.003	0.072	0.089	0.069	0.001	0.016	0.006	0.037	0.016	0.002	0.001	0.016	0.045	0.051	0.049	0.049	0.018	0.01	0.053	0.007	0.018	0.03	0.007	0.056	0.004	0.002	0.005	0.001	0.033	0.033	0.002	0.024	0.019	0.006	0.004	0.004	0.004	0.0	0.0	0.0	0.01	0.047	0.043	0.047	0.01	0.016	0.04	0.001	0.016	0.029	0.034	0.001	0.044	0.009	0.034	0.031	0.038	0.003	0.008	0.009	0.063	0.0	0.049	0.057	0.001	0.085	0.089	0.02	0.003	0.069	0.041	
rs6873695	0.045	0.007	0.004	0.116	0.103	0.004	0.057	0.011	0.125	0.055	0.001	0.097	0.099	0.172	0.012	0.042	0.051	0.109	0.403	0.882	0.074	0.046	0.169	0.091	0.199	1	0.328	0.364	0.344	0.059	0.159	0.165	0.134	0.145	0.662	0.134	0.562	0.159	0.142	0.472	0.127	0.257	0.087	0.257	0.202	0.179	0.074	0.113	0.072	0.136	0.037	0.028	0.0	0.021	0.08	0.019	0.047	0.049	0.009	0.001	0.034	0.0	0.001	0.01	0.0	0.001	0.001	0.0	0.022	0.003	0.003	0.018	0.015	0.012	0.003	0.008	0.012	0.02	0.014	0.01	0.015	0.0	0.0	0.0	0.006	0.003	0.003	0.005	0.005	0.005	0.0	0.056	0.0	0.0	0.002	0.0	0.0	0.0	0.01	0.006	0.022	0.028	0.006	0.0	0.007	0.001	0.023	0.0	0.007	0.019	0.001	0.0	0.02	0.031	0.071	0.002	0.102	0.029	0.024	0.018	0.05	0.0	0.011	0.029	0.065	
rs734442	0.0	0.006	0.003	0.025	0.053	0.003	0.012	0.003	0.039	0.01	0.0	0.03	0.043	0.032	0.012	0.022	0.003	0.021	0.706	0.29	0.001	0.039	0.078	0.051	0.053	0.328	1	0.048	0.02	0.016	0.0	0.0	0.385	0.0	0.205	0.385	0.227	0.0	0.338	0.114	0.217	0.0	0.009	0.0	0.0	0.003	0.098	0.005	0.018	0.044	0.002	0.038	0.013	0.048	0.041	0.0	0.0	0.004	0.003	0.004	0.016	0.004	0.004	0.005	0.001	0.004	0.003	0.005	0.0	0.016	0.008	0.0	0.007	0.0	0.008	0.012	0.0	0.006	0.0	0.0	0.0	0.006	0.026	0.026	0.023	0.005	0.02	0.002	0.012	0.012	0.005	0.032	0.001	0.001	0.0	0.002	0.003	0.002	0.003	0.012	0.0	0.001	0.012	0.0	0.001	0.001	0.0	0.001	0.001	0.001	0.002	0.0	0.001	0.021	0.007	0.002	0.013	0.001	0.029	0.0	0.003	0.005	0.013	0.001	0.006	
rs4869033	0.074	0.028	0.018	0.064	0.031	0.019	0.065	0.05	0.074	0.016	0.007	0.033	0.039	0.098	0.004	0.006	0.157	0.274	0.002	0.319	0.186	0.204	0.527	0.314	0.5	0.364	0.048	1	0.714	0.137	0.354	0.371	0.069	0.321	0.324	0.069	0.262	0.315	0.043	0.238	0.006	0.361	0.234	0.361	0.252	0.181	0.001	0.251	0.008	0.08	0.067	0.001	0.016	0.021	0.01	0.044	0.045	0.085	0.011	0.011	0.0	0.039	0.011	0.008	0.005	0.011	0.05	0.047	0.035	0.042	0.005	0.022	0.062	0.015	0.005	0.037	0.015	0.077	0.015	0.01	0.017	0.007	0.034	0.034	0.012	0.015	0.007	0.004	0.001	0.001	0.001	0.0	0.0	0.0	0.0	0.005	0.003	0.005	0.0	0.014	0.015	0.006	0.014	0.001	0.034	0.001	0.02	0.0	0.034	0.014	0.012	0.0	0.01	0.002	0.019	0.005	0.057	0.012	0.0	0.005	0.046	0.001	0.008	0.007	0.036	
rs10746556	0.039	0.007	0.004	0.053	0.058	0.005	0.116	0.089	0.058	0.003	0.0	0.037	0.073	0.05	0.001	0.0	0.126	0.23	0.006	0.294	0.156	0.103	0.351	0.185	0.419	0.344	0.02	0.714	1	0.281	0.405	0.419	0.126	0.376	0.393	0.126	0.344	0.364	0.071	0.288	0.015	0.558	0.293	0.558	0.45	0.267	0.003	0.215	0.081	0.125	0.084	0.007	0.046	0.027	0.016	0.05	0.052	0.143	0.045	0.014	0.04	0.028	0.014	0.04	0.003	0.014	0.037	0.034	0.035	0.115	0.015	0.047	0.131	0.018	0.015	0.089	0.018	0.084	0.025	0.042	0.021	0.02	0.029	0.029	0.024	0.026	0.02	0.002	0.002	0.002	0.0	0.01	0.001	0.001	0.002	0.031	0.026	0.031	0.014	0.037	0.037	0.013	0.037	0.006	0.051	0.001	0.043	0.0	0.051	0.035	0.031	0.0	0.021	0.001	0.035	0.001	0.036	0.024	0.004	0.025	0.06	0.022	0.0	0.025	0.019	
rs10515857	0.0	0.0	0.014	0.001	0.019	0.015	0.006	0.016	0.002	0.004	0.003	0.008	0.001	0.005	0.0	0.023	0.009	0.012	0.014	0.05	0.008	0.455	0.179	0.326	0.021	0.059	0.016	0.137	0.281	1	0.021	0.021	0.035	0.019	0.12	0.035	0.144	0.016	0.036	0.066	0.029	0.195	0.017	0.195	0.233	0.085	0.002	0.026	0.412	0.064	0.002	0.167	0.026	0.057	0.049	0.004	0.013	0.064	0.136	0.003	0.208	0.01	0.003	0.131	0.001	0.003	0.009	0.01	0.005	0.053	0.02	0.08	0.053	0.0	0.02	0.058	0.0	0.071	0.076	0.05	0.059	0.045	0.016	0.016	0.007	0.022	0.0	0.021	0.005	0.005	0.002	0.013	0.006	0.006	0.003	0.002	0.003	0.002	0.005	0.01	0.004	0.021	0.01	0.013	0.011	0.001	0.001	0.021	0.011	0.002	0.007	0.021	0.037	0.009	0.015	0.003	0.01	0.013	0.007	0.017	0.033	0.02	0.0	0.017	0.008	
rs17061586	0.098	0.0	0.007	0.081	0.107	0.007	0.113	0.091	0.051	0.03	0.006	0.088	0.091	0.091	0.003	0.02	0.285	0.127	0.083	0.139	0.318	0.023	0.041	0.03	0.473	0.159	0.0	0.354	0.405	0.021	1	0.966	0.051	0.93	0.139	0.051	0.174	0.862	0.052	0.143	0.009	0.261	0.69	0.261	0.315	0.305	0.001	0.416	0.022	0.026	0.261	0.02	0.034	0.052	0.017	0.14	0.16	0.102	0.0	0.015	0.005	0.035	0.015	0.0	0.003	0.015	0.04	0.029	0.127	0.054	0.008	0.037	0.073	0.007	0.016	0.04	0.007	0.037	0.015	0.026	0.012	0.009	0.027	0.027	0.01	0.033	0.047	0.011	0.029	0.029	0.003	0.051	0.0	0.0	0.005	0.071	0.067	0.071	0.021	0.015	0.038	0.0	0.015	0.036	0.033	0.001	0.058	0.042	0.033	0.061	0.036	0.065	0.0	0.021	0.001	0.0	0.012	0.007	0.0	0.002	0.006	0.0	0.003	0.0	0.003	
rs1363150	0.091	0.0	0.005	0.09	0.114	0.005	0.118	0.086	0.056	0.027	0.005	0.095	0.095	0.097	0.0	0.017	0.335	0.158	0.072	0.144	0.373	0.023	0.051	0.031	0.505	0.165	0.0	0.371	0.419	0.021	0.966	1	0.053	0.898	0.146	0.053	0.181	0.831	0.054	0.151	0.007	0.276	0.665	0.276	0.295	0.285	0.001	0.395	0.022	0.031	0.246	0.021	0.035	0.056	0.016	0.127	0.149	0.108	0.0	0.016	0.006	0.032	0.016	0.0	0.005	0.016	0.038	0.043	0.117	0.059	0.013	0.031	0.061	0.007	0.013	0.03	0.007	0.03	0.012	0.03	0.008	0.007	0.028	0.028	0.01	0.024	0.048	0.009	0.029	0.029	0.003	0.047	0.0	0.0	0.003	0.078	0.073	0.078	0.015	0.016	0.031	0.0	0.016	0.027	0.034	0.0	0.049	0.027	0.034	0.051	0.038	0.045	0.001	0.019	0.001	0.002	0.014	0.011	0.001	0.002	0.006	0.001	0.001	0.002	0.004	
rs13186063	0.004	0.0	0.001	0.004	0.002	0.001	0.026	0.021	0.001	0.008	0.0	0.003	0.002	0.001	0.005	0.018	0.0	0.005	0.215	0.103	0.002	0.039	0.078	0.051	0.053	0.134	0.385	0.069	0.126	0.035	0.051	0.053	1	0.047	0.295	1.0	0.286	0.031	0.829	0.158	0.547	0.017	0.042	0.017	0.015	0.007	0.218	0.036	0.005	0.05	0.033	0.027	0.113	0.146	0.067	0.017	0.019	0.011	0.0	0.028	0.001	0.024	0.028	0.0	0.0	0.028	0.023	0.026	0.015	0.074	0.012	0.02	0.09	0.028	0.015	0.031	0.028	0.043	0.007	0.01	0.024	0.041	0.085	0.085	0.023	0.051	0.09	0.0	0.073	0.073	0.032	0.032	0.027	0.027	0.017	0.046	0.05	0.046	0.019	0.012	0.069	0.0	0.012	0.037	0.011	0.013	0.076	0.034	0.011	0.075	0.009	0.034	0.001	0.021	0.001	0.007	0.006	0.003	0.044	0.015	0.02	0.01	0.021	0.003	0.001	
rs1025014	0.112	0.011	0.0	0.086	0.094	0.0	0.103	0.103	0.053	0.039	0.0	0.074	0.082	0.099	0.002	0.027	0.195	0.074	0.086	0.127	0.218	0.018	0.023	0.028	0.412	0.145	0.0	0.321	0.376	0.019	0.93	0.898	0.047	1	0.161	0.047	0.192	0.93	0.049	0.159	0.009	0.304	0.745	0.304	0.36	0.35	0.001	0.461	0.02	0.049	0.294	0.019	0.046	0.061	0.015	0.144	0.182	0.091	0.0	0.014	0.006	0.04	0.014	0.0	0.002	0.014	0.047	0.035	0.148	0.047	0.012	0.023	0.08	0.007	0.022	0.044	0.007	0.041	0.013	0.024	0.013	0.015	0.025	0.025	0.009	0.02	0.04	0.017	0.025	0.025	0.001	0.061	0.0	0.0	0.005	0.079	0.075	0.079	0.022	0.014	0.038	0.0	0.014	0.042	0.031	0.002	0.059	0.058	0.031	0.062	0.03	0.086	0.0	0.025	0.0	0.002	0.012	0.021	0.0	0.005	0.003	0.001	0.001	0.003	0.003	
rs9313968	0.033	0.011	0.002	0.042	0.037	0.002	0.04	0.01	0.041	0.029	0.001	0.047	0.055	0.06	0.005	0.022	0.027	0.067	0.243	0.549	0.039	0.03	0.115	0.069	0.146	0.662	0.205	0.324	0.393	0.12	0.139	0.146	0.295	0.161	1	0.295	0.836	0.173	0.271	0.768	0.213	0.374	0.143	0.374	0.325	0.265	0.162	0.118	0.126	0.314	0.042	0.068	0.0	0.046	0.111	0.029	0.026	0.106	0.049	0.001	0.066	0.001	0.001	0.051	0.003	0.001	0.003	0.003	0.01	0.019	0.0	0.013	0.019	0.0	0.0	0.025	0.0	0.017	0.015	0.023	0.001	0.004	0.009	0.009	0.0	0.007	0.024	0.003	0.037	0.037	0.02	0.006	0.017	0.017	0.001	0.0	0.001	0.0	0.0	0.007	0.001	0.015	0.007	0.008	0.018	0.008	0.001	0.016	0.018	0.0	0.006	0.016	0.02	0.005	0.064	0.005	0.104	0.03	0.033	0.014	0.031	0.001	0.012	0.027	0.065	
rs13172782	0.004	0.0	0.001	0.004	0.002	0.001	0.026	0.021	0.001	0.008	0.0	0.003	0.002	0.001	0.005	0.018	0.0	0.005	0.215	0.103	0.002	0.039	0.078	0.051	0.053	0.134	0.385	0.069	0.126	0.035	0.051	0.053	1.0	0.047	0.295	1	0.286	0.031	0.829	0.158	0.547	0.017	0.042	0.017	0.015	0.007	0.218	0.036	0.005	0.05	0.033	0.027	0.113	0.146	0.067	0.017	0.019	0.011	0.0	0.028	0.001	0.024	0.028	0.0	0.0	0.028	0.023	0.026	0.015	0.074	0.012	0.02	0.09	0.028	0.015	0.031	0.028	0.043	0.007	0.01	0.024	0.041	0.085	0.085	0.023	0.051	0.09	0.0	0.073	0.073	0.032	0.032	0.027	0.027	0.017	0.046	0.05	0.046	0.019	0.012	0.069	0.0	0.012	0.037	0.011	0.013	0.076	0.034	0.011	0.075	0.009	0.034	0.001	0.021	0.001	0.007	0.006	0.003	0.044	0.015	0.02	0.01	0.021	0.003	0.001	
rs4307107	0.053	0.002	0.0	0.035	0.046	0.0	0.055	0.023	0.042	0.054	0.0	0.062	0.082	0.067	0.007	0.029	0.035	0.016	0.259	0.468	0.049	0.047	0.063	0.012	0.09	0.562	0.227	0.262	0.344	0.144	0.174	0.181	0.286	0.192	0.836	0.286	1	0.207	0.328	0.722	0.259	0.347	0.171	0.347	0.389	0.331	0.198	0.098	0.15	0.232	0.06	0.045	0.003	0.083	0.196	0.028	0.025	0.129	0.065	0.003	0.095	0.0	0.003	0.069	0.001	0.003	0.0	0.0	0.014	0.008	0.008	0.028	0.009	0.002	0.008	0.016	0.002	0.005	0.03	0.043	0.006	0.0	0.029	0.029	0.0	0.001	0.013	0.004	0.018	0.018	0.008	0.001	0.01	0.01	0.002	0.0	0.001	0.0	0.0	0.006	0.0	0.007	0.006	0.004	0.012	0.006	0.0	0.007	0.012	0.001	0.002	0.004	0.007	0.001	0.039	0.004	0.085	0.028	0.028	0.008	0.017	0.003	0.008	0.016	0.051	
rs299304	0.098	0.018	0.0	0.081	0.082	0.0	0.089	0.091	0.036	0.03	0.001	0.06	0.068	0.07	0.003	0.02	0.18	0.068	0.068	0.139	0.201	0.01	0.031	0.03	0.373	0.159	0.0	0.315	0.364	0.016	0.862	0.831	0.031	0.93	0.173	0.031	0.207	1	0.03	0.174	0.011	0.337	0.757	0.337	0.397	0.386	0.0	0.465	0.005	0.054	0.304	0.013	0.057	0.059	0.02	0.146	0.197	0.087	0.0	0.015	0.008	0.035	0.015	0.0	0.003	0.015	0.04	0.029	0.162	0.047	0.008	0.03	0.08	0.007	0.016	0.045	0.007	0.045	0.019	0.03	0.019	0.012	0.024	0.024	0.01	0.025	0.036	0.011	0.022	0.022	0.002	0.051	0.0	0.0	0.011	0.079	0.075	0.079	0.03	0.015	0.047	0.0	0.015	0.044	0.033	0.005	0.067	0.052	0.033	0.069	0.036	0.074	0.0	0.021	0.0	0.011	0.016	0.031	0.0	0.005	0.003	0.005	0.003	0.002	0.007	
rs427056	0.0	0.0	0.0	0.002	0.001	0.001	0.021	0.022	0.0	0.018	0.0	0.006	0.001	0.003	0.005	0.026	0.0	0.001	0.208	0.132	0.001	0.04	0.032	0.023	0.011	0.142	0.338	0.043	0.071	0.036	0.052	0.054	0.829	0.049	0.271	0.829	0.328	0.03	1	0.216	0.712	0.028	0.043	0.028	0.025	0.01	0.312	0.038	0.002	0.04	0.038	0.008	0.191	0.18	0.076	0.03	0.025	0.012	0.0	0.014	0.007	0.025	0.014	0.0	0.002	0.014	0.023	0.026	0.02	0.08	0.026	0.016	0.096	0.027	0.029	0.036	0.027	0.047	0.005	0.007	0.019	0.073	0.097	0.097	0.025	0.031	0.079	0.003	0.065	0.065	0.02	0.033	0.025	0.025	0.012	0.038	0.041	0.038	0.014	0.014	0.035	0.0	0.014	0.022	0.012	0.007	0.04	0.022	0.012	0.039	0.01	0.022	0.001	0.022	0.005	0.005	0.017	0.0	0.058	0.005	0.014	0.008	0.011	0.0	0.006	
rs2069347	0.007	0.007	0.001	0.048	0.044	0.001	0.034	0.023	0.024	0.006	0.001	0.043	0.05	0.052	0.014	0.009	0.024	0.042	0.189	0.411	0.032	0.003	0.067	0.017	0.124	0.472	0.114	0.238	0.288	0.066	0.143	0.151	0.158	0.159	0.768	0.158	0.722	0.174	0.216	1	0.233	0.414	0.171	0.414	0.355	0.266	0.18	0.135	0.114	0.353	0.022	0.021	0.003	0.036	0.091	0.028	0.009	0.137	0.094	0.003	0.075	0.005	0.003	0.099	0.011	0.003	0.01	0.008	0.005	0.015	0.0	0.024	0.012	0.002	0.002	0.018	0.002	0.018	0.026	0.024	0.004	0.007	0.002	0.002	0.003	0.0	0.005	0.019	0.025	0.025	0.009	0.007	0.018	0.018	0.0	0.0	0.0	0.0	0.0	0.001	0.0	0.004	0.001	0.003	0.016	0.011	0.0	0.017	0.016	0.0	0.006	0.017	0.014	0.003	0.082	0.002	0.114	0.032	0.028	0.02	0.028	0.0	0.004	0.038	0.079	
rs2303076	0.011	0.002	0.002	0.003	0.0	0.002	0.012	0.006	0.007	0.0	0.0	0.0	0.003	0.0	0.014	0.0	0.002	0.006	0.131	0.123	0.005	0.032	0.006	0.014	0.0	0.127	0.217	0.006	0.015	0.029	0.009	0.007	0.547	0.009	0.213	0.547	0.259	0.011	0.712	0.233	1	0.091	0.035	0.091	0.08	0.057	0.426	0.031	0.031	0.055	0.034	0.01	0.229	0.134	0.051	0.072	0.022	0.015	0.0	0.003	0.019	0.02	0.003	0.0	0.047	0.003	0.019	0.021	0.029	0.085	0.023	0.017	0.087	0.037	0.025	0.037	0.037	0.041	0.004	0.007	0.012	0.042	0.085	0.085	0.004	0.019	0.055	0.044	0.062	0.062	0.016	0.027	0.022	0.022	0.004	0.025	0.027	0.025	0.007	0.024	0.024	0.0	0.024	0.018	0.008	0.009	0.017	0.02	0.008	0.016	0.011	0.02	0.0	0.018	0.008	0.001	0.008	0.0	0.031	0.0	0.003	0.0	0.0	0.007	0.004	
rs299287	0.046	0.053	0.045	0.082	0.082	0.046	0.099	0.076	0.068	0.012	0.001	0.046	0.084	0.064	0.0	0.012	0.033	0.036	0.03	0.215	0.04	0.041	0.115	0.05	0.204	0.257	0.0	0.361	0.558	0.195	0.261	0.276	0.017	0.304	0.374	0.017	0.347	0.337	0.028	0.414	0.091	1	0.382	1.0	0.87	0.634	0.002	0.303	0.336	0.2	0.144	0.085	0.152	0.038	0.015	0.173	0.081	0.291	0.119	0.0	0.036	0.057	0.0	0.11	0.046	0.0	0.07	0.066	0.062	0.153	0.015	0.075	0.159	0.016	0.015	0.138	0.016	0.12	0.055	0.076	0.035	0.052	0.066	0.066	0.021	0.025	0.038	0.008	0.009	0.009	0.0	0.02	0.001	0.001	0.003	0.048	0.042	0.048	0.011	0.033	0.029	0.003	0.033	0.016	0.045	0.003	0.025	0.0	0.045	0.019	0.03	0.0	0.015	0.014	0.043	0.002	0.067	0.057	0.0	0.028	0.043	0.0	0.005	0.018	0.048	
rs299284	0.051	0.02	0.004	0.035	0.035	0.004	0.047	0.085	0.013	0.013	0.001	0.018	0.033	0.038	0.0	0.016	0.128	0.039	0.034	0.073	0.142	0.019	0.01	0.025	0.277	0.087	0.009	0.234	0.293	0.017	0.69	0.665	0.042	0.745	0.143	0.042	0.171	0.757	0.043	0.171	0.035	0.382	1	0.382	0.439	0.429	0.002	0.657	0.018	0.076	0.451	0.032	0.082	0.136	0.012	0.265	0.265	0.122	0.0	0.012	0.023	0.075	0.012	0.0	0.015	0.012	0.085	0.067	0.226	0.091	0.021	0.034	0.126	0.006	0.034	0.092	0.006	0.074	0.022	0.039	0.023	0.028	0.055	0.055	0.008	0.026	0.076	0.047	0.052	0.052	0.002	0.11	0.0	0.0	0.012	0.136	0.132	0.136	0.036	0.012	0.05	0.006	0.012	0.087	0.027	0.007	0.057	0.076	0.027	0.059	0.03	0.105	0.0	0.057	0.0	0.012	0.005	0.018	0.0	0.002	0.0	0.004	0.002	0.0	0.0	
rs299283	0.046	0.053	0.045	0.082	0.082	0.046	0.099	0.076	0.068	0.012	0.001	0.046	0.084	0.064	0.0	0.012	0.033	0.036	0.03	0.215	0.04	0.041	0.115	0.05	0.204	0.257	0.0	0.361	0.558	0.195	0.261	0.276	0.017	0.304	0.374	0.017	0.347	0.337	0.028	0.414	0.091	1.0	0.382	1	0.87	0.634	0.002	0.303	0.336	0.2	0.144	0.085	0.152	0.038	0.015	0.173	0.081	0.291	0.119	0.0	0.036	0.057	0.0	0.11	0.046	0.0	0.07	0.066	0.062	0.153	0.015	0.075	0.159	0.016	0.015	0.138	0.016	0.12	0.055	0.076	0.035	0.052	0.066	0.066	0.021	0.025	0.038	0.008	0.009	0.009	0.0	0.02	0.001	0.001	0.003	0.048	0.042	0.048	0.011	0.033	0.029	0.003	0.033	0.016	0.045	0.003	0.025	0.0	0.045	0.019	0.03	0.0	0.015	0.014	0.043	0.002	0.067	0.057	0.0	0.028	0.043	0.0	0.005	0.018	0.048	
rs299290	0.067	0.044	0.016	0.065	0.078	0.018	0.102	0.096	0.053	0.026	0.0	0.041	0.091	0.051	0.001	0.017	0.028	0.002	0.036	0.169	0.032	0.056	0.056	0.016	0.1	0.202	0.0	0.252	0.45	0.233	0.315	0.295	0.015	0.36	0.325	0.015	0.389	0.397	0.025	0.355	0.08	0.87	0.439	0.87	1	0.748	0.003	0.227	0.338	0.174	0.188	0.1	0.142	0.022	0.052	0.167	0.09	0.262	0.093	0.003	0.043	0.032	0.003	0.086	0.026	0.003	0.04	0.025	0.074	0.142	0.001	0.101	0.162	0.014	0.004	0.148	0.014	0.114	0.078	0.093	0.044	0.051	0.049	0.049	0.018	0.04	0.054	0.013	0.025	0.025	0.0	0.034	0.0	0.0	0.004	0.053	0.048	0.053	0.015	0.028	0.033	0.001	0.028	0.022	0.036	0.001	0.03	0.005	0.036	0.032	0.022	0.01	0.007	0.023	0.025	0.0	0.052	0.038	0.001	0.013	0.024	0.0	0.01	0.005	0.035	
rs299295	0.059	0.048	0.002	0.061	0.077	0.002	0.102	0.096	0.04	0.023	0.0	0.03	0.094	0.037	0.001	0.023	0.03	0.001	0.041	0.147	0.035	0.031	0.033	0.002	0.072	0.179	0.003	0.181	0.267	0.085	0.305	0.285	0.007	0.35	0.265	0.007	0.331	0.386	0.01	0.266	0.057	0.634	0.429	0.634	0.748	1	0.007	0.393	0.242	0.178	0.305	0.056	0.17	0.042	0.06	0.203	0.22	0.3	0.037	0.022	0.039	0.017	0.022	0.032	0.002	0.022	0.023	0.013	0.183	0.202	0.001	0.175	0.25	0.014	0.003	0.214	0.014	0.194	0.147	0.17	0.11	0.072	0.073	0.073	0.019	0.098	0.124	0.032	0.093	0.093	0.012	0.049	0.006	0.006	0.029	0.121	0.113	0.121	0.053	0.029	0.09	0.002	0.029	0.072	0.038	0.006	0.086	0.046	0.038	0.091	0.04	0.063	0.006	0.039	0.01	0.004	0.033	0.015	0.009	0.003	0.006	0.006	0.028	0.001	0.019	
rs11748030	0.007	0.004	0.001	0.003	0.005	0.001	0.004	0.001	0.003	0.008	0.0	0.006	0.002	0.0	0.006	0.022	0.0	0.009	0.064	0.079	0.0	0.001	0.002	0.002	0.002	0.074	0.098	0.001	0.003	0.002	0.001	0.001	0.218	0.001	0.162	0.218	0.198	0.0	0.312	0.18	0.426	0.002	0.002	0.002	0.003	0.007	1	0.004	0.012	0.12	0.048	0.0	0.175	0.117	0.065	0.02	0.038	0.0	0.015	0.008	0.029	0.001	0.008	0.02	0.0	0.008	0.0	0.001	0.048	0.036	0.005	0.006	0.044	0.047	0.007	0.033	0.047	0.053	0.003	0.0	0.018	0.022	0.13	0.13	0.002	0.037	0.047	0.0	0.052	0.052	0.044	0.004	0.057	0.057	0.015	0.029	0.032	0.029	0.009	0.018	0.03	0.001	0.018	0.02	0.005	0.02	0.036	0.046	0.005	0.036	0.004	0.042	0.001	0.016	0.015	0.0	0.014	0.011	0.145	0.02	0.012	0.0	0.061	0.015	0.004	
rs4599554	0.04	0.031	0.003	0.04	0.035	0.003	0.04	0.039	0.025	0.007	0.019	0.012	0.025	0.045	0.0	0.013	0.067	0.086	0.023	0.091	0.076	0.02	0.033	0.001	0.305	0.113	0.005	0.251	0.215	0.026	0.416	0.395	0.036	0.461	0.118	0.036	0.098	0.465	0.038	0.135	0.031	0.303	0.657	0.303	0.227	0.393	0.004	1	0.027	0.116	0.485	0.048	0.137	0.221	0.005	0.364	0.392	0.213	0.001	0.019	0.035	0.136	0.019	0.002	0.017	0.019	0.118	0.12	0.315	0.156	0.034	0.053	0.181	0.009	0.048	0.163	0.009	0.139	0.053	0.068	0.048	0.054	0.113	0.113	0.009	0.055	0.078	0.034	0.046	0.046	0.007	0.064	0.002	0.002	0.041	0.143	0.163	0.143	0.07	0.019	0.098	0.001	0.019	0.109	0.042	0.02	0.101	0.073	0.042	0.085	0.046	0.073	0.002	0.039	0.002	0.024	0.012	0.016	0.0	0.005	0.004	0.001	0.005	0.001	0.003	
rs10038157	0.0	0.002	0.0	0.016	0.035	0.001	0.019	0.013	0.021	0.001	0.004	0.007	0.031	0.0	0.007	0.001	0.009	0.012	0.007	0.061	0.007	0.097	0.031	0.051	0.022	0.072	0.018	0.008	0.081	0.412	0.022	0.022	0.005	0.02	0.126	0.005	0.15	0.005	0.002	0.114	0.031	0.336	0.018	0.336	0.338	0.242	0.012	0.027	1	0.067	0.026	0.463	0.043	0.109	0.051	0.052	0.021	0.124	0.219	0.017	0.282	0.01	0.017	0.213	0.0	0.017	0.01	0.011	0.026	0.03	0.022	0.062	0.017	0.0	0.022	0.018	0.0	0.029	0.058	0.052	0.027	0.047	0.004	0.004	0.003	0.008	0.0	0.009	0.003	0.003	0.0	0.014	0.001	0.001	0.003	0.012	0.015	0.012	0.002	0.011	0.007	0.022	0.011	0.043	0.015	0.021	0.022	0.054	0.015	0.02	0.026	0.054	0.039	0.009	0.04	0.004	0.034	0.01	0.001	0.013	0.026	0.001	0.022	0.018	0.029	
rs10515861	0.006	0.001	0.0	0.011	0.012	0.0	0.04	0.009	0.002	0.001	0.0	0.012	0.028	0.0	0.022	0.002	0.001	0.004	0.071	0.103	0.003	0.001	0.003	0.0	0.019	0.136	0.044	0.08	0.125	0.064	0.026	0.031	0.05	0.049	0.314	0.05	0.232	0.054	0.04	0.353	0.055	0.2	0.076	0.2	0.174	0.178	0.12	0.116	0.067	1	0.003	0.015	0.052	0.01	0.003	0.029	0.001	0.124	0.099	0.024	0.052	0.004	0.024	0.101	0.028	0.024	0.003	0.006	0.0	0.016	0.004	0.021	0.0	0.022	0.008	0.015	0.022	0.002	0.033	0.034	0.003	0.059	0.001	0.001	0.017	0.015	0.001	0.009	0.05	0.05	0.029	0.003	0.033	0.033	0.002	0.003	0.001	0.003	0.0	0.003	0.002	0.01	0.003	0.014	0.057	0.039	0.002	0.062	0.057	0.004	0.043	0.062	0.059	0.009	0.071	0.052	0.136	0.033	0.02	0.011	0.017	0.037	0.069	0.009	0.076	
rs7722729	0.089	0.03	0.005	0.019	0.01	0.006	0.014	0.007	0.015	0.026	0.018	0.003	0.007	0.021	0.0	0.012	0.067	0.008	0.019	0.023	0.076	0.004	0.001	0.015	0.113	0.037	0.002	0.067	0.084	0.002	0.261	0.246	0.033	0.294	0.042	0.033	0.06	0.304	0.038	0.022	0.034	0.144	0.451	0.144	0.188	0.305	0.048	0.485	0.026	0.003	1	0.047	0.161	0.243	0.086	0.505	0.73	0.271	0.009	0.001	0.034	0.005	0.001	0.01	0.0	0.001	0.008	0.003	0.555	0.266	0.006	0.194	0.287	0.009	0.013	0.276	0.009	0.204	0.165	0.215	0.114	0.079	0.084	0.084	0.012	0.138	0.152	0.019	0.117	0.117	0.042	0.064	0.05	0.05	0.096	0.283	0.276	0.283	0.159	0.018	0.214	0.0	0.018	0.207	0.04	0.069	0.219	0.146	0.04	0.226	0.044	0.146	0.007	0.037	0.001	0.038	0.007	0.012	0.001	0.0	0.0	0.018	0.007	0.0	0.002	
rs17061797	0.001	0.004	0.0	0.003	0.002	0.0	0.001	0.009	0.0	0.002	0.003	0.001	0.01	0.0	0.001	0.001	0.016	0.022	0.017	0.034	0.015	0.04	0.006	0.023	0.021	0.028	0.038	0.001	0.007	0.167	0.02	0.021	0.027	0.019	0.068	0.027	0.045	0.013	0.008	0.021	0.01	0.085	0.032	0.085	0.1	0.056	0.0	0.048	0.463	0.015	0.047	1	0.019	0.072	0.012	0.029	0.037	0.036	0.125	0.019	0.175	0.018	0.019	0.119	0.0	0.019	0.017	0.019	0.047	0.001	0.006	0.014	0.005	0.0	0.006	0.005	0.0	0.008	0.012	0.006	0.009	0.032	0.0	0.0	0.0	0.0	0.001	0.0	0.001	0.001	0.001	0.015	0.0	0.0	0.001	0.006	0.008	0.006	0.002	0.001	0.011	0.0	0.001	0.009	0.0	0.007	0.017	0.013	0.0	0.015	0.0	0.013	0.0	0.001	0.006	0.001	0.004	0.007	0.012	0.009	0.0	0.001	0.058	0.012	0.011	
rs4869089	0.016	0.009	0.006	0.045	0.038	0.008	0.06	0.013	0.025	0.002	0.005	0.01	0.038	0.012	0.002	0.0	0.002	0.013	0.0	0.0	0.003	0.004	0.0	0.0	0.021	0.0	0.013	0.016	0.046	0.026	0.034	0.035	0.113	0.046	0.0	0.113	0.003	0.057	0.191	0.003	0.229	0.152	0.082	0.152	0.142	0.17	0.175	0.137	0.043	0.052	0.161	0.019	1	0.662	0.312	0.174	0.127	0.172	0.01	0.023	0.0	0.063	0.023	0.005	0.01	0.023	0.059	0.067	0.134	0.256	0.015	0.097	0.141	0.013	0.015	0.169	0.013	0.103	0.073	0.11	0.11	0.272	0.218	0.218	0.006	0.08	0.185	0.088	0.092	0.092	0.046	0.083	0.061	0.061	0.021	0.066	0.073	0.066	0.026	0.003	0.034	0.0	0.003	0.05	0.011	0.017	0.028	0.022	0.011	0.023	0.021	0.022	0.005	0.055	0.0	0.024	0.014	0.038	0.05	0.023	0.018	0.008	0.0	0.009	0.014	
rs7716203	0.006	0.025	0.006	0.036	0.03	0.007	0.041	0.007	0.026	0.002	0.028	0.014	0.018	0.027	0.005	0.0	0.003	0.001	0.003	0.02	0.005	0.023	0.013	0.019	0.047	0.021	0.048	0.021	0.027	0.057	0.052	0.056	0.146	0.061	0.046	0.146	0.083	0.059	0.18	0.036	0.134	0.038	0.136	0.038	0.022	0.042	0.117	0.221	0.109	0.01	0.243	0.072	0.662	1	0.438	0.216	0.192	0.086	0.032	0.023	0.107	0.095	0.023	0.04	0.013	0.023	0.089	0.101	0.186	0.211	0.033	0.038	0.103	0.006	0.033	0.124	0.006	0.071	0.027	0.052	0.059	0.181	0.208	0.208	0.004	0.062	0.174	0.051	0.095	0.095	0.047	0.084	0.055	0.055	0.025	0.093	0.104	0.093	0.031	0.001	0.056	0.004	0.001	0.08	0.011	0.029	0.053	0.05	0.011	0.046	0.017	0.05	0.001	0.04	0.007	0.039	0.001	0.036	0.035	0.015	0.004	0.008	0.003	0.006	0.001	
rs729352	0.014	0.0	0.002	0.011	0.008	0.002	0.013	0.0	0.006	0.027	0.0	0.007	0.005	0.002	0.005	0.01	0.029	0.004	0.025	0.055	0.027	0.004	0.009	0.0	0.003	0.08	0.041	0.01	0.016	0.049	0.017	0.016	0.067	0.015	0.111	0.067	0.196	0.02	0.076	0.091	0.051	0.015	0.012	0.015	0.052	0.06	0.065	0.005	0.051	0.003	0.086	0.012	0.312	0.438	1	0.039	0.068	0.127	0.002	0.036	0.028	0.031	0.036	0.004	0.008	0.036	0.026	0.038	0.029	0.001	0.015	0.06	0.024	0.0	0.009	0.021	0.0	0.012	0.068	0.074	0.002	0.061	0.077	0.077	0.022	0.007	0.004	0.02	0.001	0.001	0.0	0.004	0.0	0.0	0.012	0.041	0.04	0.041	0.034	0.007	0.039	0.008	0.007	0.014	0.014	0.008	0.047	0.011	0.014	0.065	0.004	0.011	0.008	0.001	0.008	0.001	0.006	0.003	0.025	0.005	0.001	0.001	0.012	0.002	0.002	
rs1496864	0.037	0.003	0.001	0.013	0.02	0.001	0.028	0.012	0.01	0.026	0.0	0.015	0.023	0.013	0.004	0.024	0.028	0.013	0.01	0.006	0.034	0.013	0.0	0.015	0.072	0.019	0.0	0.044	0.05	0.004	0.14	0.127	0.017	0.144	0.029	0.017	0.028	0.146	0.03	0.028	0.072	0.173	0.265	0.173	0.167	0.203	0.02	0.364	0.052	0.029	0.505	0.029	0.174	0.216	0.039	1	0.399	0.537	0.093	0.209	0.067	0.158	0.209	0.085	0.378	0.209	0.184	0.135	0.351	0.283	0.035	0.132	0.189	0.059	0.047	0.272	0.059	0.134	0.109	0.136	0.016	0.08	0.056	0.056	0.024	0.027	0.047	0.049	0.019	0.019	0.001	0.113	0.0	0.0	0.032	0.147	0.138	0.147	0.045	0.036	0.081	0.005	0.036	0.095	0.08	0.001	0.074	0.035	0.08	0.063	0.088	0.04	0.004	0.095	0.005	0.03	0.001	0.013	0.022	0.0	0.0	0.017	0.006	0.002	0.002	
